Method:FCFS
TaskNumber		TaskName	CPU_Time	Turnaround_Time		Start_Tick		End_Tick
1			T1		106		106		1		107
2			T2		298		403		2		405
3			T3		80		482		3		485
4			T4		326		807		4		811
5			T5		428		1232		7		1239
6			T6		431		1662		8		1670
7			T7		543		2203		10		2213
8			T8		172		2373		12		2385
9			T9		85		2457		13		2470
10			T10		318		2774		14		2788
11			T11		58		2831		15		2846
12			T12		74		2904		16		2920
13			T13		117		3018		19		3037
14			T14		436		3450		23		3473
15			T15		149		3597		25		3622
16			T16		427		4023		26		4049
17			T17		446		4468		27		4495
18			T18		361		4828		28		4856
19			T19		95		4917		34		4951
20			T20		347		5262		36		5298
21			T21		387		5646		39		5685
22			T22		205		5850		40		5890
23			T23		145		5993		42		6035
24			T24		543		6535		43		6578
25			T25		546		7077		47		7124
26			T26		169		7245		48		7293
27			T27		125		7369		49		7418
28			T28		138		7506		50		7556
29			T29		446		7951		51		8002
30			T30		50		8000		52		8052
31			T31		139		8138		53		8191
32			T32		197		8331		57		8388
33			T33		370		8700		58		8758
34			T34		179		8877		60		8937
35			T35		549		9425		61		9486
36			T36		358		9782		62		9844
37			T37		349		10121		72		10193
38			T38		279		10399		73		10472
39			T39		348		10743		77		10820
40			T40		361		11103		78		11181
41			T41		99		11201		79		11280
42			T42		371		11571		80		11651
43			T43		243		11811		83		11894
44			T44		422		12232		84		12316
45			T45		543		12772		87		12859
46			T46		165		12935		89		13024
47			T47		469		13401		92		13493
48			T48		286		13686		93		13779
49			T49		399		14082		96		14178
50			T50		259		14338		99		14437
Average turnaround time for FCFS= 34661.7
Total CPU time for FCFS= 14436

Method:RR
TaskNumber		TaskName	CPU_Time	Turnaround_Time		Start_Tick		End_Tick
30			T30		50		2518		52		2570
11			T11		58		2849		15		2864
12			T12		74		3384		16		3400
3			T3		80		3477		3		3480
9			T9		85		3868		13		3881
1			T1		106		4363		1		4364
19			T19		95		4418		34		4452
41			T41		99		4641		79		4720
13			T13		117		5742		19		5761
27			T27		125		5863		49		5912
28			T28		138		6308		50		6358
15			T15		149		6626		25		6651
23			T23		145		6671		42		6713
31			T31		139		6715		53		6768
46			T46		165		7260		89		7349
26			T26		169		7481		48		7529
8			T8		172		7707		12		7719
34			T34		179		7875		60		7935
32			T32		197		8215		57		8272
22			T22		205		8504		40		8544
43			T43		243		9940		83		10023
50			T50		259		10303		99		10402
38			T38		279		10833		73		10906
48			T48		286		10897		93		10990
2			T2		298		11011		2		11013
4			T4		326		11631		4		11635
10			T10		318		12063		14		12077
37			T37		349		12411		72		12483
18			T18		361		12577		28		12605
36			T36		358		12628		62		12690
39			T39		348		12626		77		12703
20			T20		347		12772		36		12808
40			T40		361		12821		78		12899
33			T33		370		12995		58		13053
42			T42		371		13008		80		13088
21			T21		387		13123		39		13162
49			T49		399		13482		96		13578
5			T5		428		13635		7		13642
6			T6		431		13652		8		13660
16			T16		427		13686		26		13712
44			T44		422		13691		84		13775
17			T17		446		13790		27		13817
14			T14		436		13864		23		13887
29			T29		446		13863		51		13914
47			T47		469		13981		92		14073
7			T7		543		14375		10		14385
25			T25		546		14356		47		14403
45			T45		543		14326		87		14413
35			T35		549		14371		61		14432
24			T24		543		14394		43		14437
Average turnaround time for RR= 50159
Total CPU time for RR= 14436

Method:Priority
TaskNumber		TaskName	CPU_Time	Turnaround_Time		Start_Tick		End_Tick
1			T1		106		106		1		107
4			T4		326		429		4		433
32			T32		197		573		57		630
16			T16		427		1031		26		1057
38			T38		279		1263		73		1336
5			T5		428		1757		7		1764
46			T46		165		1840		89		1929
11			T11		58		1972		15		1987
37			T37		349		2264		72		2336
12			T12		74		2394		16		2410
43			T43		243		2570		83		2653
42			T42		371		2944		80		3024
26			T26		169		3145		48		3193
29			T29		446		3588		51		3639
47			T47		469		4016		92		4108
10			T10		318		4412		14		4426
27			T27		125		4502		49		4551
44			T44		422		4889		84		4973
14			T14		436		5386		23		5409
23			T23		145		5512		42		5554
3			T3		80		5631		3		5634
39			T39		348		5905		77		5982
20			T20		347		6293		36		6329
15			T15		149		6453		25		6478
17			T17		446		6897		27		6924
31			T31		139		7010		53		7063
36			T36		358		7359		62		7421
35			T35		549		7909		61		7970
6			T6		431		8393		8		8401
48			T48		286		8594		93		8687
25			T25		546		9186		47		9233
33			T33		370		9545		58		9603
9			T9		85		9675		13		9688
24			T24		543		10188		43		10231
40			T40		361		10514		78		10592
21			T21		387		10940		39		10979
50			T50		259		11139		99		11238
30			T30		50		11236		52		11288
34			T34		179		11407		60		11467
19			T19		95		11528		34		11562
28			T28		138		11650		50		11700
13			T13		117		11798		19		11817
22			T22		205		11982		40		12022
49			T49		399		12325		96		12421
18			T18		361		12754		28		12782
2			T2		298		13078		2		13080
8			T8		172		13240		12		13252
41			T41		99		13272		79		13351
45			T45		543		13807		87		13894
7			T7		543		14427		10		14437
Average turnaround time for Priority= 35872.8
Total CPU time for Priority= 14436

Method:SJF
TaskNumber		TaskName	CPU_Time	Turnaround_Time		Start_Tick		End_Tick
1			T1		106		106		1		107
30			T30		50		105		52		157
11			T11		58		200		15		215
12			T12		74		273		16		289
3			T3		80		366		3		369
9			T9		85		441		13		454
19			T19		95		515		34		549
41			T41		99		569		79		648
13			T13		117		746		19		765
27			T27		125		841		49		890
28			T28		138		978		50		1028
31			T31		139		1114		53		1167
23			T23		145		1270		42		1312
15			T15		149		1436		25		1461
46			T46		165		1537		89		1626
26			T26		169		1747		48		1795
8			T8		172		1955		12		1967
34			T34		179		2086		60		2146
32			T32		197		2286		57		2343
22			T22		205		2508		40		2548
43			T43		243		2708		83		2791
50			T50		259		2951		99		3050
38			T38		279		3256		73		3329
48			T48		286		3522		93		3615
2			T2		298		3911		2		3913
10			T10		318		4217		14		4231
4			T4		326		4553		4		4557
20			T20		347		4868		36		4904
39			T39		348		5175		77		5252
37			T37		349		5529		72		5601
36			T36		358		5897		62		5959
18			T18		361		6292		28		6320
40			T40		361		6603		78		6681
33			T33		370		6993		58		7051
42			T42		371		7342		80		7422
21			T21		387		7770		39		7809
49			T49		399		8112		96		8208
44			T44		422		8546		84		8630
16			T16		427		9031		26		9057
5			T5		428		9478		7		9485
6			T6		431		9908		8		9916
14			T14		436		10329		23		10352
29			T29		446		10747		51		10798
17			T17		446		11217		27		11244
47			T47		469		11621		92		11713
24			T24		543		12213		43		12256
45			T45		543		12712		87		12799
7			T7		543		13332		10		13342
25			T25		546		13841		47		13888
35			T35		549		14376		61		14437
Average turnaround time for SJF= 25812.9
Total CPU time for SJF= 14436

