Method:FCFS
TaskNumber		TaskName	CPU_Time	Turnaround_Time		Start_Tick		End_Tick
1			T1		330		330			1			331
2			T2		500		826			5			831
3			T3		416		1241			6			1247
4			T4		397		1633			11			1644
5			T5		182		1814			12			1826
6			T6		409		2222			13			2235
7			T7		458		2678			15			2693
8			T8		304		2979			18			2997
9			T9		88		3065			20			3085
10			T10		236		3300			21			3321
11			T11		114		3413			22			3435
12			T12		82		3494			23			3517
13			T13		207		3700			24			3724
14			T14		371		4068			27			4095
15			T15		103		4169			29			4198
16			T16		93		4260			31			4291
17			T17		308		4566			33			4599
18			T18		545		5106			38			5144
19			T19		222		5327			39			5366
20			T20		434		5760			40			5800
21			T21		137		5896			41			5937
22			T22		117		6012			42			6054
23			T23		409		6419			44			6463
24			T24		311		6729			45			6774
25			T25		99		6827			46			6873
26			T26		97		6921			49			6970
27			T27		227		7147			50			7197
28			T28		432		7576			53			7629
29			T29		170		7745			54			7799
30			T30		259		8002			56			8058
31			T31		288		8288			58			8346
32			T32		92		8378			60			8438
33			T33		528		8904			62			8966
34			T34		523		9426			63			9489
35			T35		256		9679			66			9745
36			T36		399		10076			68			10144
37			T37		50		10124			70			10194
38			T38		245		10366			73			10439
39			T39		131		10494			76			10570
40			T40		186		10678			78			10756
41			T41		546		11223			79			11302
42			T42		524		11745			81			11826
43			T43		531		12275			82			12357
44			T44		213		12486			84			12570
45			T45		228		12713			85			12798
46			T46		523		13234			87			13321
47			T47		96		13329			88			13417
48			T48		248		13575			90			13665
49			T49		108		13681			92			13773
50			T50		487		14166			94			14260
Average turnaround time for FCFS= 35806.5
Total CPU time for FCFS= 14259

Method:RR
TaskNumber		TaskName	CPU_Time	Turnaround_Time		Start_Tick		End_Tick
37			T37		50		2599			70			2669
9			T9		88		3908			20			3928
12			T12		82		3921			23			3944
16			T16		93		4474			31			4505
25			T25		99		4575			46			4621
32			T32		92		4631			60			4691
47			T47		96		4772			88			4860
15			T15		103		4937			29			4966
26			T26		97		5032			49			5081
49			T49		108		5242			92			5334
11			T11		114		5340			22			5362
22			T22		117		5422			42			5464
39			T39		131		5974			76			6050
21			T21		137		6235			41			6276
29			T29		170		7465			54			7519
5			T5		182		7519			12			7531
40			T40		186		8281			78			8359
13			T13		207		8478			24			8502
44			T44		213		9018			84			9102
19			T19		222		9193			39			9232
27			T27		227		9559			50			9609
45			T45		228		9663			85			9748
10			T10		236		9786			21			9807
38			T38		245		9925			73			9998
48			T48		248		9971			90			10061
30			T30		259		10142			56			10198
35			T35		256		10157			66			10223
8			T8		304		11067			18			11085
31			T31		288		11138			58			11196
17			T17		308		11307			33			11340
24			T24		311		11333			45			11378
1			T1		330		11421			1			11422
14			T14		371		12487			27			12514
4			T4		397		12732			11			12743
36			T36		399		12886			68			12954
3			T3		416		13197			6			13203
23			T23		409		13182			44			13226
6			T6		409		13247			13			13260
20			T20		434		13311			40			13351
28			T28		432		13423			53			13476
7			T7		458		13630			15			13645
50			T50		487		13954			94			14048
2			T2		500		14124			5			14129
34			T34		523		14090			63			14153
42			T42		524		14084			81			14165
46			T46		523		14089			87			14176
43			T43		531		14130			82			14212
33			T33		528		14185			62			14247
41			T41		546		14174			79			14253
18			T18		545		14222			38			14260
Average turnaround time for RR= 48763.2
Total CPU time for RR= 14259

Method:Priority
TaskNumber		TaskName	CPU_Time	Turnaround_Time		Start_Tick		End_Tick
1			T1		330		330			1			331
35			T35		256		521			66			587
4			T4		397		973			11			984
32			T32		92		1016			60			1076
43			T43		531		1525			82			1607
40			T40		186		1715			78			1793
28			T28		432		2172			53			2225
34			T34		523		2685			63			2748
15			T15		103		2822			29			2851
7			T7		458		3294			15			3309
22			T22		117		3384			42			3426
50			T50		487		3819			94			3913
13			T13		207		4096			24			4120
33			T33		528		4586			62			4648
31			T31		288		4878			58			4936
19			T19		222		5119			39			5158
8			T8		304		5444			18			5462
37			T37		50		5442			70			5512
5			T5		182		5682			12			5694
9			T9		88		5762			20			5782
48			T48		248		5940			90			6030
3			T3		416		6440			6			6446
25			T25		99		6499			46			6545
18			T18		545		7052			38			7090
23			T23		409		7455			44			7499
41			T41		546		7966			79			8045
44			T44		213		8174			84			8258
24			T24		311		8524			45			8569
10			T10		236		8784			21			8805
45			T45		228		8948			85			9033
27			T27		227		9210			50			9260
42			T42		524		9703			81			9784
30			T30		259		9987			56			10043
2			T2		500		10538			5			10543
6			T6		409		10939			13			10952
36			T36		399		11283			68			11351
21			T21		137		11447			41			11488
46			T46		523		11924			87			12011
20			T20		434		12405			40			12445
38			T38		245		12617			73			12690
26			T26		97		12738			49			12787
29			T29		170		12903			54			12957
16			T16		93		13019			31			13050
11			T11		114		13142			22			13164
17			T17		308		13439			33			13472
12			T12		82		13531			23			13554
39			T39		131		13609			76			13685
14			T14		371		14029			27			14056
47			T47		96		14064			88			14152
49			T49		108		14168			92			14260
Average turnaround time for Priority= 38574.2
Total CPU time for Priority= 14259

Method:SJF
TaskNumber		TaskName	CPU_Time	Turnaround_Time		Start_Tick		End_Tick
1			T1		330		330			1			331
37			T37		50		311			70			381
12			T12		82		440			23			463
9			T9		88		531			20			551
32			T32		92		583			60			643
16			T16		93		705			31			736
47			T47		96		744			88			832
26			T26		97		880			49			929
25			T25		99		982			46			1028
15			T15		103		1102			29			1131
49			T49		108		1147			92			1239
11			T11		114		1331			22			1353
22			T22		117		1428			42			1470
39			T39		131		1525			76			1601
21			T21		137		1697			41			1738
29			T29		170		1854			54			1908
5			T5		182		2078			12			2090
40			T40		186		2198			78			2276
13			T13		207		2459			24			2483
44			T44		213		2612			84			2696
19			T19		222		2879			39			2918
27			T27		227		3095			50			3145
45			T45		228		3288			85			3373
10			T10		236		3588			21			3609
38			T38		245		3781			73			3854
48			T48		248		4012			90			4102
35			T35		256		4292			66			4358
30			T30		259		4561			56			4617
31			T31		288		4847			58			4905
8			T8		304		5191			18			5209
17			T17		308		5484			33			5517
24			T24		311		5783			45			5828
14			T14		371		6172			27			6199
4			T4		397		6585			11			6596
36			T36		399		6927			68			6995
23			T23		409		7360			44			7404
6			T6		409		7800			13			7813
3			T3		416		8223			6			8229
28			T28		432		8608			53			8661
20			T20		434		9055			40			9095
7			T7		458		9538			15			9553
50			T50		487		9946			94			10040
2			T2		500		10535			5			10540
34			T34		523		11000			63			11063
46			T46		523		11499			87			11586
42			T42		524		12029			81			12110
33			T33		528		12576			62			12638
43			T43		531		13087			82			13169
18			T18		545		13676			38			13714
41			T41		546		14181			79			14260
Average turnaround time for SJF= 25453.5
Total CPU time for SJF= 14259

