Method:FCFS
TaskNumber		TaskName	CPU_Time	Turnaround_Time		Start_Tick		End_Tick
1		T1		180		180		3		183
2		T2		368		547		4		551
3		T3		315		859		7		866
4		T4		65		923		8		931
5		T5		126		1048		9		1057
6		T6		215		1262		10		1272
7		T7		306		1565		13		1578
8		T8		69		1633		14		1647
9		T9		467		2099		15		2114
10		T10		83		2181		16		2197
11		T11		120		2298		19		2317
12		T12		261		2558		20		2578
13		T13		360		2916		22		2938
14		T14		87		3002		23		3025
15		T15		362		3362		25		3387
16		T16		380		3739		28		3767
17		T17		337		4075		29		4104
18		T18		258		4332		30		4362
19		T19		535		4865		32		4897
20		T20		405		5269		33		5302
21		T21		549		5814		37		5851
22		T22		127		5938		40		5978
23		T23		164		6101		41		6142
24		T24		119		6219		42		6261
25		T25		208		6426		43		6469
26		T26		185		6609		45		6654
27		T27		248		6851		51		6902
28		T28		86		6932		56		6988
29		T29		260		7190		58		7248
30		T30		166		7355		59		7414
31		T31		352		7706		60		7766
32		T32		124		7826		64		7890
33		T33		254		8079		65		8144
34		T34		480		8551		73		8624
35		T35		112		8661		75		8736
36		T36		485		9145		76		9221
37		T37		234		9378		77		9455
38		T38		269		9646		78		9724
39		T39		135		9777		82		9859
40		T40		273		10049		83		10132
41		T41		509		10556		85		10641
42		T42		98		10653		86		10739
43		T43		525		11177		87		11264
44		T44		178		11354		88		11442
45		T45		518		11869		91		11960
46		T46		449		12317		92		12409
47		T47		351		12667		93		12760
48		T48		368		13034		94		13128
49		T49		135		13166		97		13263
50		T50		197		13362		98		13460
Average turnaround time for FCFS= 32312.1
Total CPU time for FCFS= 13457

Method:RR
TaskNumber		TaskName	CPU_Time	Turnaround_Time		Start_Tick		End_Tick
4		T4		65		2524		8		2532
8		T8		69		3292		14		3306
10		T10		83		3898		16		3914
14		T14		87		3928		23		3951
28		T28		86		4059		56		4115
42		T42		98		4701		86		4787
24		T24		119		5492		42		5534
5		T5		126		5565		9		5574
35		T35		112		5562		75		5637
11		T11		120		5808		19		5827
22		T22		127		5909		40		5949
32		T32		124		5959		64		6023
39		T39		135		6436		82		6518
49		T49		135		6509		97		6606
1		T1		180		7407		3		7410
23		T23		164		7502		41		7543
30		T30		166		7529		59		7588
26		T26		185		7876		45		7921
44		T44		178		7969		88		8057
6		T6		215		8634		10		8644
50		T50		197		8674		98		8772
25		T25		208		9180		43		9223
37		T37		234		9521		77		9598
18		T18		258		10043		30		10073
33		T33		254		10084		65		10149
12		T12		261		10259		20		10279
27		T27		248		10330		51		10381
29		T29		260		10328		58		10386
38		T38		269		10339		78		10417
40		T40		273		10569		83		10652
3		T3		315		11025		7		11032
7		T7		306		11062		13		11075
17		T17		337		11564		29		11593
47		T47		351		11800		93		11893
13		T13		360		11893		22		11915
2		T2		368		11917		4		11921
31		T31		352		12059		60		12119
15		T15		362		12185		25		12210
48		T48		368		12222		94		12316
16		T16		380		12303		28		12331
20		T20		405		12420		33		12453
46		T46		449		12914		92		13006
9		T9		467		13083		15		13098
34		T34		480		13130		73		13203
36		T36		485		13185		76		13261
41		T41		509		13285		85		13370
45		T45		518		13291		91		13382
43		T43		525		13323		87		13410
19		T19		535		13424		32		13456
21		T21		549		13423		37		13460
Average turnaround time for RR= 46539.4
Total CPU time for RR= 13457

Method:Priority
TaskNumber		TaskName	CPU_Time	Turnaround_Time		Start_Tick		End_Tick
1		T1		180		180		3		183
19		T19		535		686		32		718
39		T39		135		771		82		853
24		T24		119		930		42		972
15		T15		362		1309		25		1334
20		T20		405		1706		33		1739
9		T9		467		2191		15		2206
45		T45		518		2633		91		2724
40		T40		273		2914		83		2997
26		T26		185		3137		45		3182
16		T16		380		3534		28		3562
49		T49		135		3600		97		3697
34		T34		480		4104		73		4177
14		T14		87		4241		23		4264
23		T23		164		4387		41		4428
2		T2		368		4792		4		4796
13		T13		360		5134		22		5156
46		T46		449		5513		92		5605
8		T8		69		5660		14		5674
31		T31		352		5966		60		6026
32		T32		124		6086		64		6150
25		T25		208		6315		43		6358
50		T50		197		6457		98		6555
48		T48		368		6829		94		6923
18		T18		258		7151		30		7181
10		T10		83		7248		16		7264
28		T28		86		7294		56		7350
37		T37		234		7507		77		7584
17		T17		337		7892		29		7921
11		T11		120		8022		19		8041
27		T27		248		8238		51		8289
43		T43		525		8727		87		8814
33		T33		254		9003		65		9068
42		T42		98		9080		86		9166
6		T6		215		9371		10		9381
22		T22		127		9468		40		9508
36		T36		485		9917		76		9993
3		T3		315		10301		7		10308
41		T41		509		10732		85		10817
12		T12		261		11058		20		11078
29		T29		260		11280		58		11338
4		T4		65		11395		8		11403
35		T35		112		11440		75		11515
38		T38		269		11706		78		11784
30		T30		166		11891		59		11950
44		T44		178		12040		88		12128
21		T21		549		12640		37		12677
5		T5		126		12794		9		12803
47		T47		351		13061		93		13154
7		T7		306		13447		13		13460
Average turnaround time for Priority= 35177.8
Total CPU time for Priority= 13457

Method:SJF
TaskNumber		TaskName	CPU_Time	Turnaround_Time		Start_Tick		End_Tick
1		T1		180		180		3		183
4		T4		65		240		8		248
8		T8		69		303		14		317
10		T10		83		384		16		400
28		T28		86		430		56		486
14		T14		87		550		23		573
42		T42		98		585		86		671
35		T35		112		708		75		783
24		T24		119		860		42		902
11		T11		120		1003		19		1022
32		T32		124		1082		64		1146
5		T5		126		1263		9		1272
22		T22		127		1359		40		1399
49		T49		135		1437		97		1534
39		T39		135		1587		82		1669
23		T23		164		1792		41		1833
30		T30		166		1940		59		1999
44		T44		178		2089		88		2177
26		T26		185		2317		45		2362
50		T50		197		2461		98		2559
25		T25		208		2724		43		2767
6		T6		215		2972		10		2982
37		T37		234		3139		77		3216
27		T27		248		3413		51		3464
33		T33		254		3653		65		3718
18		T18		258		3946		30		3976
29		T29		260		4178		58		4236
12		T12		261		4477		20		4497
38		T38		269		4688		78		4766
40		T40		273		4956		83		5039
7		T7		306		5332		13		5345
3		T3		315		5653		7		5660
17		T17		337		5968		29		5997
47		T47		351		6255		93		6348
31		T31		352		6640		60		6700
13		T13		360		7038		22		7060
15		T15		362		7397		25		7422
2		T2		368		7786		4		7790
48		T48		368		8064		94		8158
16		T16		380		8510		28		8538
20		T20		405		8910		33		8943
46		T46		449		9300		92		9392
9		T9		467		9844		15		9859
34		T34		480		10266		73		10339
36		T36		485		10748		76		10824
41		T41		509		11248		85		11333
45		T45		518		11760		91		11851
43		T43		525		12289		87		12376
19		T19		535		12879		32		12911
21		T21		549		13423		37		13460
Average turnaround time for SJF= 24002.6
Total CPU time for SJF= 13457

