Method:FCFS
TaskNumber		TaskName	CPU_Time	Turnaround_Time		Start_Tick		End_Tick
1	T1	328	328	2	330
2	T2	336	659	7	666
3	T3	188	844	10	854
4	T4	236	1078	12	1090
5	T5	390	1467	13	1480
6	T6	65	1531	14	1545
7	T7	343	1871	17	1888
8	T8	224	2094	18	2112
9	T9	290	2383	19	2402
10	T10	491	2872	21	2893
11	T11	123	2992	24	3016
12	T12	432	3419	29	3448
13	T13	291	3709	30	3739
14	T14	423	4130	32	4162
15	T15	500	4629	33	4662
16	T16	61	4686	37	4723
17	T17	212	4896	39	4935
18	T18	388	5280	43	5323
19	T19	164	5442	45	5487
20	T20	238	5678	47	5725
21	T21	398	6075	48	6123
22	T22	497	6567	53	6620
23	T23	443	7009	54	7063
24	T24	59	7067	55	7122
25	T25	115	7178	59	7237
26	T26	350	7526	61	7587
27	T27	453	7978	62	8040
28	T28	109	8086	63	8149
29	T29	269	8354	64	8418
30	T30	318	8671	65	8736
31	T31	530	9197	69	9266
32	T32	183	9378	71	9449
33	T33	65	9442	72	9514
34	T34	57	9497	74	9571
35	T35	275	9770	76	9846
36	T36	98	9867	77	9944
37	T37	106	9971	79	10050
38	T38	232	10202	80	10282
39	T39	499	10700	81	10781
40	T40	242	10941	82	11023
41	T41	365	11304	84	11388
42	T42	466	11769	85	11854
43	T43	211	11979	86	12065
44	T44	427	12403	89	12492
45	T45	177	12579	90	12669
46	T46	411	12989	91	13080
47	T47	77	13062	95	13157
48	T48	301	13362	96	13458
49	T49	201	13562	97	13659
50	T50	506	14067	98	14165
Average turnaround time for FCFS= 36054
Total CPU time for FCFS= 14163

Method:RR
TaskNumber		TaskName	CPU_Time	Turnaround_Time		Start_Tick		End_Tick
6	T6	65	2671	14	2685
16	T16	61	2908	37	2945
24	T24	59	2976	55	3031
33	T33	65	3075	72	3147
34	T34	57	3570	74	3644
47	T47	77	3702	95	3797
36	T36	98	4555	77	4632
28	T28	109	4965	63	5028
25	T25	115	5393	59	5452
37	T37	106	5462	79	5541
11	T11	123	5689	24	5713
19	T19	164	7051	45	7096
3	T3	188	7880	10	7890
32	T32	183	7979	71	8050
45	T45	177	8042	90	8132
49	T49	201	8840	97	8937
17	T17	212	9004	39	9043
43	T43	211	9158	86	9244
8	T8	224	9283	18	9301
4	T4	236	9718	12	9730
20	T20	238	9690	47	9737
40	T40	242	9798	82	9880
38	T38	232	10081	80	10161
29	T29	269	10931	64	10995
35	T35	275	10956	76	11032
9	T9	290	11101	19	11120
13	T13	291	11120	30	11150
1	T1	328	11515	2	11517
48	T48	301	11735	96	11831
2	T2	336	11850	7	11857
30	T30	318	11897	65	11962
7	T7	343	12209	17	12226
26	T26	350	12484	61	12545
5	T5	390	12901	13	12914
41	T41	365	12856	84	12940
18	T18	388	13150	43	13193
21	T21	398	13301	48	13349
46	T46	411	13338	91	13429
14	T14	423	13433	32	13465
44	T44	427	13454	89	13543
12	T12	432	13536	29	13565
23	T23	443	13624	54	13678
27	T27	453	13795	62	13857
42	T42	466	13794	85	13879
10	T10	491	13999	21	14020
22	T22	497	13980	53	14033
39	T39	499	14008	81	14089
15	T15	500	14068	33	14101
50	T50	506	14055	98	14153
31	T31	530	14096	69	14165
Average turnaround time for RR= 49867.6
Total CPU time for RR= 14163

Method:Priority
TaskNumber		TaskName	CPU_Time	Turnaround_Time		Start_Tick		End_Tick
1	T1	328	328	2	330
48	T48	301	535	96	631
27	T27	453	1022	62	1084
14	T14	423	1475	32	1507
49	T49	201	1611	97	1708
15	T15	500	2175	33	2208
8	T8	224	2414	18	2432
24	T24	59	2436	55	2491
25	T25	115	2547	59	2606
5	T5	390	2983	13	2996
11	T11	123	3095	24	3119
9	T9	290	3390	19	3409
36	T36	98	3430	77	3507
17	T17	212	3680	39	3719
45	T45	177	3806	90	3896
35	T35	275	4095	76	4171
34	T34	57	4154	74	4228
42	T42	466	4609	85	4694
7	T7	343	5020	17	5037
38	T38	232	5189	80	5269
2	T2	336	5598	7	5605
20	T20	238	5796	47	5843
30	T30	318	6096	65	6161
29	T29	269	6366	64	6430
46	T46	411	6750	91	6841
26	T26	350	7130	61	7191
31	T31	530	7652	69	7721
40	T40	242	7881	82	7963
28	T28	109	8009	63	8072
41	T41	365	8353	84	8437
12	T12	432	8840	29	8869
18	T18	388	9214	43	9257
19	T19	164	9376	45	9421
10	T10	491	9891	21	9912
37	T37	106	9939	79	10018
23	T23	443	10407	54	10461
21	T21	398	10811	48	10859
32	T32	183	10971	71	11042
43	T43	211	11167	86	11253
22	T22	497	11697	53	11750
4	T4	236	11974	12	11986
50	T50	506	12394	98	12492
33	T33	65	12485	72	12557
3	T3	188	12735	10	12745
16	T16	61	12769	37	12806
6	T6	65	12857	14	12871
13	T13	291	13132	30	13162
39	T39	499	13580	81	13661
44	T44	427	13999	89	14088
47	T47	77	14070	95	14165
Average turnaround time for Priority= 35993.3
Total CPU time for Priority= 14163

Method:SJF
TaskNumber		TaskName	CPU_Time	Turnaround_Time		Start_Tick		End_Tick
1	T1	328	328	2	330
34	T34	57	313	74	387
24	T24	59	391	55	446
16	T16	61	470	37	507
6	T6	65	558	14	572
33	T33	65	565	72	637
47	T47	77	619	95	714
36	T36	98	735	77	812
37	T37	106	839	79	918
28	T28	109	964	63	1027
25	T25	115	1083	59	1142
11	T11	123	1241	24	1265
19	T19	164	1384	45	1429
45	T45	177	1516	90	1606
32	T32	183	1718	71	1789
3	T3	188	1967	10	1977
49	T49	201	2081	97	2178
43	T43	211	2303	86	2389
17	T17	212	2562	39	2601
8	T8	224	2807	18	2825
38	T38	232	2977	80	3057
4	T4	236	3281	12	3293
20	T20	238	3484	47	3531
40	T40	242	3691	82	3773
29	T29	269	3978	64	4042
35	T35	275	4241	76	4317
9	T9	290	4588	19	4607
13	T13	291	4868	30	4898
48	T48	301	5103	96	5199
30	T30	318	5452	65	5517
2	T2	336	5846	7	5853
7	T7	343	6179	17	6196
26	T26	350	6485	61	6546
41	T41	365	6827	84	6911
18	T18	388	7256	43	7299
5	T5	390	7676	13	7689
21	T21	398	8039	48	8087
46	T46	411	8407	91	8498
14	T14	423	8889	32	8921
44	T44	427	9259	89	9348
12	T12	432	9751	29	9780
23	T23	443	10169	54	10223
27	T27	453	10614	62	10676
42	T42	466	11057	85	11142
10	T10	491	11612	21	11633
22	T22	497	12077	53	12130
39	T39	499	12548	81	12629
15	T15	500	13096	33	13129
50	T50	506	13537	98	13635
31	T31	530	14096	69	14165
Average turnaround time for SJF= 25952.7
Total CPU time for SJF= 14163

